                                            
1997           2          27        1997           3           4        
1997           2          28        1997           3           5        
1997           9          30        1997          10           3        
1999           2          21        1999           2          27        
1999           4          22        1999           4          27        
1999           7          28        1999           8           1        
1999           8          17        1999           8          20        
1999           8          22        1999           8          26        
1999           8          29        1999           9           4        
1999           9          12        1999           9          20        
1999          11          17        1999          11          20        
2000           7          16        2000           7          20        
2000           9           6        2000           9           9        
2000          10          17        2000          10          24        
2001           1          15        2001           1          18        
2002           7          27        2002           7          30        
2002           8          12        2002           8          17        
2002           9          16        2002           9          21        
2003           5           8        2003           5          11        
2003           7           1        2003           7           4        
2003           7          28        2003           7          31        
2003           9           7        2003           9          13        
2003          11          16        2003          11          19        
2004           1           7        2004           1          10        
2004           8          10        2004           8          14        
2005           3           2        2005           3           5        
2005           4           2        2005           4           5        
2005           8           6        2005           8           9        
2006           6           4        2006           6           7        
2006           7          16        2006           7          19        
2006           9          22        2006           9          27        
2007           3          15        2007           3          19        
2007           8           8        2007           8          11        
2007           8          13        2007           8          16        
2007          10           5        2007          10           8        
2008           2           3        2008           2           9        
2008           4          21        2008           4          28        
2008           5          16        2008           5          22        
2008           6          12        2008           6          28        
2008           7          14        2008           8           7        
2008           8          14        2008           8          18        
2008           9          20        2008           9          24        
2008          10           4        2008          10           7        
2008          11          25        2008          11          30        
2009           2          17        2009           2          20        
2009           4          30        2009           5           4        
2009           7          19        2009           7          27        
2009          11          24        2009          12           3        
2009          12          26        2009          12          29        
2010           5          21        2010           5          24        
2010           8           8        2010           8          11        
2010          10          18        2010          10          21        
2010          12           4        2010          12           7        
2011           1           2        2011           1          14        
2011           1          17        2011           1          22        
2011           6           8        2011           6          11        
2011           7          15        2011           7          24        
2011           9           7        2011           9          10        
2012           4           1        2012           4           5        
2012           6          22        2012           7           9        
2012           7          24        2012           7          27        
2012          12           4        2012          12          11        
2013           3          19        2013           3          26        
2013           3          23        2013           3          27        
2013          11          20        2013          11          25        
2013          12           3        2013          12           7        
2014           6          24        2014           6          28        
2015           3          13        2015           3          16        
2015           4           9        2015           4          15        
2015           6          26        2015           6          29        
2015           9           9        2015           9          12        
2015          12          16        2015          12          19
